{
 "cells": [
  {
   "cell_type": "markdown",
   "id": "69a16919",
   "metadata": {},
   "source": [
    "# 15. This problem involves the Boston data set, which we saw in the lab for this chapter. We will now try to predict per capita crime rate using the other variables in this data set. In other words, per capita crime rate is the response, and the other variables are the predictors.\n",
    "\n",
    "## (a) For each predictor, fit a simple linear regression model to predict the response. Describe your results. In which of the models is there a statistically significant association between the predictor and the response? Create some plots to back up your assertions.\n",
    "## (b) Fit a multiple regression model to predict the response using all of the predictors. Describe your results. For which predictors can we reject the null hypothesis H0 : βj = 0?\n",
    "## (c) How do your results from (a) compare to your results from (b)? Create a plot displaying the univariate regression coefficients from (a) on the x-axis, and the multiple regression coefficients from (b) on the y-axis. That is, each predictor is displayed as a single point in the plot. Its coefficient in a simple linear regression model is shown on the x-axis, and its coefficient estimate in the multiple linear regression model is shown on the y-axis."
   ]
  },
  {
   "cell_type": "markdown",
   "id": "000f45f7",
   "metadata": {},
   "source": [
    "______________________________________________________________________"
   ]
  },
  {
   "cell_type": "markdown",
   "id": "84cbabc6",
   "metadata": {},
   "source": [
    "# Let's analyze our data and understand all the features of our data."
   ]
  },
  {
   "cell_type": "markdown",
   "id": "ae14dbce",
   "metadata": {},
   "source": [
    "__________________________"
   ]
  },
  {
   "cell_type": "markdown",
   "id": "f827f0aa",
   "metadata": {},
   "source": [
    "# Importing Libraries"
   ]
  },
  {
   "cell_type": "code",
   "execution_count": 1,
   "id": "482c873a",
   "metadata": {},
   "outputs": [],
   "source": [
    "import numpy as np\n",
    "import pandas as pd\n",
    "import matplotlib.pyplot as plt\n",
    "import seaborn as sns\n",
    "import statsmodels.api as sm"
   ]
  },
  {
   "cell_type": "markdown",
   "id": "18ff69c2",
   "metadata": {},
   "source": [
    "# Loading the Dataset\n"
   ]
  },
  {
   "cell_type": "code",
   "execution_count": 2,
   "id": "eca67ca4",
   "metadata": {},
   "outputs": [],
   "source": [
    "boston_data = pd.read_csv('Boston.csv')"
   ]
  },
  {
   "cell_type": "markdown",
   "id": "dbe37934",
   "metadata": {},
   "source": [
    "# First 5 values in the Dataset"
   ]
  },
  {
   "cell_type": "code",
   "execution_count": 3,
   "id": "e571b2f8",
   "metadata": {},
   "outputs": [
    {
     "data": {
      "text/html": [
       "<div>\n",
       "<style scoped>\n",
       "    .dataframe tbody tr th:only-of-type {\n",
       "        vertical-align: middle;\n",
       "    }\n",
       "\n",
       "    .dataframe tbody tr th {\n",
       "        vertical-align: top;\n",
       "    }\n",
       "\n",
       "    .dataframe thead th {\n",
       "        text-align: right;\n",
       "    }\n",
       "</style>\n",
       "<table border=\"1\" class=\"dataframe\">\n",
       "  <thead>\n",
       "    <tr style=\"text-align: right;\">\n",
       "      <th></th>\n",
       "      <th>Unnamed: 0</th>\n",
       "      <th>crim</th>\n",
       "      <th>zn</th>\n",
       "      <th>indus</th>\n",
       "      <th>chas</th>\n",
       "      <th>nox</th>\n",
       "      <th>rm</th>\n",
       "      <th>age</th>\n",
       "      <th>dis</th>\n",
       "      <th>rad</th>\n",
       "      <th>tax</th>\n",
       "      <th>ptratio</th>\n",
       "      <th>lstat</th>\n",
       "      <th>medv</th>\n",
       "    </tr>\n",
       "  </thead>\n",
       "  <tbody>\n",
       "    <tr>\n",
       "      <th>0</th>\n",
       "      <td>1</td>\n",
       "      <td>0.00632</td>\n",
       "      <td>18.0</td>\n",
       "      <td>2.31</td>\n",
       "      <td>0</td>\n",
       "      <td>0.538</td>\n",
       "      <td>6.575</td>\n",
       "      <td>65.2</td>\n",
       "      <td>4.0900</td>\n",
       "      <td>1</td>\n",
       "      <td>296</td>\n",
       "      <td>15.3</td>\n",
       "      <td>4.98</td>\n",
       "      <td>24.0</td>\n",
       "    </tr>\n",
       "    <tr>\n",
       "      <th>1</th>\n",
       "      <td>2</td>\n",
       "      <td>0.02731</td>\n",
       "      <td>0.0</td>\n",
       "      <td>7.07</td>\n",
       "      <td>0</td>\n",
       "      <td>0.469</td>\n",
       "      <td>6.421</td>\n",
       "      <td>78.9</td>\n",
       "      <td>4.9671</td>\n",
       "      <td>2</td>\n",
       "      <td>242</td>\n",
       "      <td>17.8</td>\n",
       "      <td>9.14</td>\n",
       "      <td>21.6</td>\n",
       "    </tr>\n",
       "    <tr>\n",
       "      <th>2</th>\n",
       "      <td>3</td>\n",
       "      <td>0.02729</td>\n",
       "      <td>0.0</td>\n",
       "      <td>7.07</td>\n",
       "      <td>0</td>\n",
       "      <td>0.469</td>\n",
       "      <td>7.185</td>\n",
       "      <td>61.1</td>\n",
       "      <td>4.9671</td>\n",
       "      <td>2</td>\n",
       "      <td>242</td>\n",
       "      <td>17.8</td>\n",
       "      <td>4.03</td>\n",
       "      <td>34.7</td>\n",
       "    </tr>\n",
       "    <tr>\n",
       "      <th>3</th>\n",
       "      <td>4</td>\n",
       "      <td>0.03237</td>\n",
       "      <td>0.0</td>\n",
       "      <td>2.18</td>\n",
       "      <td>0</td>\n",
       "      <td>0.458</td>\n",
       "      <td>6.998</td>\n",
       "      <td>45.8</td>\n",
       "      <td>6.0622</td>\n",
       "      <td>3</td>\n",
       "      <td>222</td>\n",
       "      <td>18.7</td>\n",
       "      <td>2.94</td>\n",
       "      <td>33.4</td>\n",
       "    </tr>\n",
       "    <tr>\n",
       "      <th>4</th>\n",
       "      <td>5</td>\n",
       "      <td>0.06905</td>\n",
       "      <td>0.0</td>\n",
       "      <td>2.18</td>\n",
       "      <td>0</td>\n",
       "      <td>0.458</td>\n",
       "      <td>7.147</td>\n",
       "      <td>54.2</td>\n",
       "      <td>6.0622</td>\n",
       "      <td>3</td>\n",
       "      <td>222</td>\n",
       "      <td>18.7</td>\n",
       "      <td>5.33</td>\n",
       "      <td>36.2</td>\n",
       "    </tr>\n",
       "  </tbody>\n",
       "</table>\n",
       "</div>"
      ],
      "text/plain": [
       "   Unnamed: 0     crim    zn  indus  chas    nox     rm   age     dis  rad  \\\n",
       "0           1  0.00632  18.0   2.31     0  0.538  6.575  65.2  4.0900    1   \n",
       "1           2  0.02731   0.0   7.07     0  0.469  6.421  78.9  4.9671    2   \n",
       "2           3  0.02729   0.0   7.07     0  0.469  7.185  61.1  4.9671    2   \n",
       "3           4  0.03237   0.0   2.18     0  0.458  6.998  45.8  6.0622    3   \n",
       "4           5  0.06905   0.0   2.18     0  0.458  7.147  54.2  6.0622    3   \n",
       "\n",
       "   tax  ptratio  lstat  medv  \n",
       "0  296     15.3   4.98  24.0  \n",
       "1  242     17.8   9.14  21.6  \n",
       "2  242     17.8   4.03  34.7  \n",
       "3  222     18.7   2.94  33.4  \n",
       "4  222     18.7   5.33  36.2  "
      ]
     },
     "execution_count": 3,
     "metadata": {},
     "output_type": "execute_result"
    }
   ],
   "source": [
    "boston_data.head()"
   ]
  },
  {
   "cell_type": "markdown",
   "id": "9750657f",
   "metadata": {},
   "source": [
    "# Renaming Unnamed :0 column as id"
   ]
  },
  {
   "cell_type": "code",
   "execution_count": 4,
   "id": "341fa9f9",
   "metadata": {},
   "outputs": [],
   "source": [
    "boston_data.rename( columns={'Unnamed: 0':'id'}, inplace=True)"
   ]
  },
  {
   "cell_type": "code",
   "execution_count": 5,
   "id": "4028feb6",
   "metadata": {},
   "outputs": [
    {
     "data": {
      "text/html": [
       "<div>\n",
       "<style scoped>\n",
       "    .dataframe tbody tr th:only-of-type {\n",
       "        vertical-align: middle;\n",
       "    }\n",
       "\n",
       "    .dataframe tbody tr th {\n",
       "        vertical-align: top;\n",
       "    }\n",
       "\n",
       "    .dataframe thead th {\n",
       "        text-align: right;\n",
       "    }\n",
       "</style>\n",
       "<table border=\"1\" class=\"dataframe\">\n",
       "  <thead>\n",
       "    <tr style=\"text-align: right;\">\n",
       "      <th></th>\n",
       "      <th>id</th>\n",
       "      <th>crim</th>\n",
       "      <th>zn</th>\n",
       "      <th>indus</th>\n",
       "      <th>chas</th>\n",
       "      <th>nox</th>\n",
       "      <th>rm</th>\n",
       "      <th>age</th>\n",
       "      <th>dis</th>\n",
       "      <th>rad</th>\n",
       "      <th>tax</th>\n",
       "      <th>ptratio</th>\n",
       "      <th>lstat</th>\n",
       "      <th>medv</th>\n",
       "    </tr>\n",
       "  </thead>\n",
       "  <tbody>\n",
       "    <tr>\n",
       "      <th>0</th>\n",
       "      <td>1</td>\n",
       "      <td>0.00632</td>\n",
       "      <td>18.0</td>\n",
       "      <td>2.31</td>\n",
       "      <td>0</td>\n",
       "      <td>0.538</td>\n",
       "      <td>6.575</td>\n",
       "      <td>65.2</td>\n",
       "      <td>4.0900</td>\n",
       "      <td>1</td>\n",
       "      <td>296</td>\n",
       "      <td>15.3</td>\n",
       "      <td>4.98</td>\n",
       "      <td>24.0</td>\n",
       "    </tr>\n",
       "    <tr>\n",
       "      <th>1</th>\n",
       "      <td>2</td>\n",
       "      <td>0.02731</td>\n",
       "      <td>0.0</td>\n",
       "      <td>7.07</td>\n",
       "      <td>0</td>\n",
       "      <td>0.469</td>\n",
       "      <td>6.421</td>\n",
       "      <td>78.9</td>\n",
       "      <td>4.9671</td>\n",
       "      <td>2</td>\n",
       "      <td>242</td>\n",
       "      <td>17.8</td>\n",
       "      <td>9.14</td>\n",
       "      <td>21.6</td>\n",
       "    </tr>\n",
       "    <tr>\n",
       "      <th>2</th>\n",
       "      <td>3</td>\n",
       "      <td>0.02729</td>\n",
       "      <td>0.0</td>\n",
       "      <td>7.07</td>\n",
       "      <td>0</td>\n",
       "      <td>0.469</td>\n",
       "      <td>7.185</td>\n",
       "      <td>61.1</td>\n",
       "      <td>4.9671</td>\n",
       "      <td>2</td>\n",
       "      <td>242</td>\n",
       "      <td>17.8</td>\n",
       "      <td>4.03</td>\n",
       "      <td>34.7</td>\n",
       "    </tr>\n",
       "    <tr>\n",
       "      <th>3</th>\n",
       "      <td>4</td>\n",
       "      <td>0.03237</td>\n",
       "      <td>0.0</td>\n",
       "      <td>2.18</td>\n",
       "      <td>0</td>\n",
       "      <td>0.458</td>\n",
       "      <td>6.998</td>\n",
       "      <td>45.8</td>\n",
       "      <td>6.0622</td>\n",
       "      <td>3</td>\n",
       "      <td>222</td>\n",
       "      <td>18.7</td>\n",
       "      <td>2.94</td>\n",
       "      <td>33.4</td>\n",
       "    </tr>\n",
       "    <tr>\n",
       "      <th>4</th>\n",
       "      <td>5</td>\n",
       "      <td>0.06905</td>\n",
       "      <td>0.0</td>\n",
       "      <td>2.18</td>\n",
       "      <td>0</td>\n",
       "      <td>0.458</td>\n",
       "      <td>7.147</td>\n",
       "      <td>54.2</td>\n",
       "      <td>6.0622</td>\n",
       "      <td>3</td>\n",
       "      <td>222</td>\n",
       "      <td>18.7</td>\n",
       "      <td>5.33</td>\n",
       "      <td>36.2</td>\n",
       "    </tr>\n",
       "  </tbody>\n",
       "</table>\n",
       "</div>"
      ],
      "text/plain": [
       "   id     crim    zn  indus  chas    nox     rm   age     dis  rad  tax  \\\n",
       "0   1  0.00632  18.0   2.31     0  0.538  6.575  65.2  4.0900    1  296   \n",
       "1   2  0.02731   0.0   7.07     0  0.469  6.421  78.9  4.9671    2  242   \n",
       "2   3  0.02729   0.0   7.07     0  0.469  7.185  61.1  4.9671    2  242   \n",
       "3   4  0.03237   0.0   2.18     0  0.458  6.998  45.8  6.0622    3  222   \n",
       "4   5  0.06905   0.0   2.18     0  0.458  7.147  54.2  6.0622    3  222   \n",
       "\n",
       "   ptratio  lstat  medv  \n",
       "0     15.3   4.98  24.0  \n",
       "1     17.8   9.14  21.6  \n",
       "2     17.8   4.03  34.7  \n",
       "3     18.7   2.94  33.4  \n",
       "4     18.7   5.33  36.2  "
      ]
     },
     "execution_count": 5,
     "metadata": {},
     "output_type": "execute_result"
    }
   ],
   "source": [
    "boston_data.head()"
   ]
  },
  {
   "cell_type": "markdown",
   "id": "f0100f82",
   "metadata": {},
   "source": [
    "### Let's Understand our Features \n",
    "\n",
    "`id` - Number assigned to every entry.\n",
    "\n",
    "`CRIM` - per capita crime rate by town.\n",
    "\n",
    "`ZN` - proportion of residential land zoned for lots over 25,000 sq.ft.\n",
    "\n",
    "`INDUS` - proportion of non-retail business acres per town.\n",
    "\n",
    "`CHAS` - Charles River dummy variable (1 if tract bounds river; 0 otherwise)\n",
    "\n",
    "`NOX` - nitric oxides concentration (parts per 10 million)\n",
    "\n",
    "`RM` - average number of rooms per dwelling.\n",
    "\n",
    "`AGE` - proportion of owner-occupied units built prior to 1940.\n",
    "\n",
    "`DIS` - weighted distances to five Boston employment centres.\n",
    "\n",
    "`RAD` - index of accessibility to radial highways.\n",
    "\n",
    "`TAX` - full-value property-tax rate per $10,000.\n",
    "\n",
    "PTRATIO - pupil-teacher ratio by town.\n",
    "\n",
    "`LSTAT` - percent lower status of the population.\n",
    "\n",
    "`MEDV` - Median value of owner-occupied homes in $1000's\n"
   ]
  },
  {
   "cell_type": "markdown",
   "id": "d78094d6",
   "metadata": {},
   "source": [
    "# Shape of the Data : (Number of rows,Number of columns)"
   ]
  },
  {
   "cell_type": "code",
   "execution_count": 6,
   "id": "cff0978e",
   "metadata": {},
   "outputs": [
    {
     "data": {
      "text/plain": [
       "(506, 14)"
      ]
     },
     "execution_count": 6,
     "metadata": {},
     "output_type": "execute_result"
    }
   ],
   "source": [
    "boston_data.shape"
   ]
  },
  {
   "cell_type": "markdown",
   "id": "3c2aa27e",
   "metadata": {},
   "source": [
    "# Qualitative and Quantitative Features"
   ]
  },
  {
   "cell_type": "code",
   "execution_count": 7,
   "id": "f82596ae",
   "metadata": {},
   "outputs": [
    {
     "name": "stdout",
     "output_type": "stream",
     "text": [
      "<class 'pandas.core.frame.DataFrame'>\n",
      "RangeIndex: 506 entries, 0 to 505\n",
      "Data columns (total 14 columns):\n",
      " #   Column   Non-Null Count  Dtype  \n",
      "---  ------   --------------  -----  \n",
      " 0   id       506 non-null    int64  \n",
      " 1   crim     506 non-null    float64\n",
      " 2   zn       506 non-null    float64\n",
      " 3   indus    506 non-null    float64\n",
      " 4   chas     506 non-null    int64  \n",
      " 5   nox      506 non-null    float64\n",
      " 6   rm       506 non-null    float64\n",
      " 7   age      506 non-null    float64\n",
      " 8   dis      506 non-null    float64\n",
      " 9   rad      506 non-null    int64  \n",
      " 10  tax      506 non-null    int64  \n",
      " 11  ptratio  506 non-null    float64\n",
      " 12  lstat    506 non-null    float64\n",
      " 13  medv     506 non-null    float64\n",
      "dtypes: float64(10), int64(4)\n",
      "memory usage: 55.5 KB\n"
     ]
    }
   ],
   "source": [
    "boston_data.info()"
   ]
  },
  {
   "cell_type": "markdown",
   "id": "d8c11ce2",
   "metadata": {},
   "source": [
    "# Checking for Missing Values"
   ]
  },
  {
   "cell_type": "code",
   "execution_count": 8,
   "id": "5cb2b472",
   "metadata": {},
   "outputs": [
    {
     "data": {
      "text/plain": [
       "id         0\n",
       "crim       0\n",
       "zn         0\n",
       "indus      0\n",
       "chas       0\n",
       "nox        0\n",
       "rm         0\n",
       "age        0\n",
       "dis        0\n",
       "rad        0\n",
       "tax        0\n",
       "ptratio    0\n",
       "lstat      0\n",
       "medv       0\n",
       "dtype: int64"
      ]
     },
     "execution_count": 8,
     "metadata": {},
     "output_type": "execute_result"
    }
   ],
   "source": [
    "boston_data.isnull().sum()"
   ]
  },
  {
   "cell_type": "markdown",
   "id": "2ae45ac2",
   "metadata": {},
   "source": [
    "# Correlation Between Variables"
   ]
  },
  {
   "cell_type": "code",
   "execution_count": 9,
   "id": "4e678c53",
   "metadata": {},
   "outputs": [
    {
     "data": {
      "text/html": [
       "<div>\n",
       "<style scoped>\n",
       "    .dataframe tbody tr th:only-of-type {\n",
       "        vertical-align: middle;\n",
       "    }\n",
       "\n",
       "    .dataframe tbody tr th {\n",
       "        vertical-align: top;\n",
       "    }\n",
       "\n",
       "    .dataframe thead th {\n",
       "        text-align: right;\n",
       "    }\n",
       "</style>\n",
       "<table border=\"1\" class=\"dataframe\">\n",
       "  <thead>\n",
       "    <tr style=\"text-align: right;\">\n",
       "      <th></th>\n",
       "      <th>id</th>\n",
       "      <th>crim</th>\n",
       "      <th>zn</th>\n",
       "      <th>indus</th>\n",
       "      <th>chas</th>\n",
       "      <th>nox</th>\n",
       "      <th>rm</th>\n",
       "      <th>age</th>\n",
       "      <th>dis</th>\n",
       "      <th>rad</th>\n",
       "      <th>tax</th>\n",
       "      <th>ptratio</th>\n",
       "      <th>lstat</th>\n",
       "      <th>medv</th>\n",
       "    </tr>\n",
       "  </thead>\n",
       "  <tbody>\n",
       "    <tr>\n",
       "      <th>id</th>\n",
       "      <td>1.000000</td>\n",
       "      <td>0.407407</td>\n",
       "      <td>-0.103393</td>\n",
       "      <td>0.399439</td>\n",
       "      <td>-0.003759</td>\n",
       "      <td>0.398736</td>\n",
       "      <td>-0.079971</td>\n",
       "      <td>0.203784</td>\n",
       "      <td>-0.302211</td>\n",
       "      <td>0.686002</td>\n",
       "      <td>0.666626</td>\n",
       "      <td>0.291074</td>\n",
       "      <td>0.258465</td>\n",
       "      <td>-0.226604</td>\n",
       "    </tr>\n",
       "    <tr>\n",
       "      <th>crim</th>\n",
       "      <td>0.407407</td>\n",
       "      <td>1.000000</td>\n",
       "      <td>-0.200469</td>\n",
       "      <td>0.406583</td>\n",
       "      <td>-0.055892</td>\n",
       "      <td>0.420972</td>\n",
       "      <td>-0.219247</td>\n",
       "      <td>0.352734</td>\n",
       "      <td>-0.379670</td>\n",
       "      <td>0.625505</td>\n",
       "      <td>0.582764</td>\n",
       "      <td>0.289946</td>\n",
       "      <td>0.455621</td>\n",
       "      <td>-0.388305</td>\n",
       "    </tr>\n",
       "    <tr>\n",
       "      <th>zn</th>\n",
       "      <td>-0.103393</td>\n",
       "      <td>-0.200469</td>\n",
       "      <td>1.000000</td>\n",
       "      <td>-0.533828</td>\n",
       "      <td>-0.042697</td>\n",
       "      <td>-0.516604</td>\n",
       "      <td>0.311991</td>\n",
       "      <td>-0.569537</td>\n",
       "      <td>0.664408</td>\n",
       "      <td>-0.311948</td>\n",
       "      <td>-0.314563</td>\n",
       "      <td>-0.391679</td>\n",
       "      <td>-0.412995</td>\n",
       "      <td>0.360445</td>\n",
       "    </tr>\n",
       "    <tr>\n",
       "      <th>indus</th>\n",
       "      <td>0.399439</td>\n",
       "      <td>0.406583</td>\n",
       "      <td>-0.533828</td>\n",
       "      <td>1.000000</td>\n",
       "      <td>0.062938</td>\n",
       "      <td>0.763651</td>\n",
       "      <td>-0.391676</td>\n",
       "      <td>0.644779</td>\n",
       "      <td>-0.708027</td>\n",
       "      <td>0.595129</td>\n",
       "      <td>0.720760</td>\n",
       "      <td>0.383248</td>\n",
       "      <td>0.603800</td>\n",
       "      <td>-0.483725</td>\n",
       "    </tr>\n",
       "    <tr>\n",
       "      <th>chas</th>\n",
       "      <td>-0.003759</td>\n",
       "      <td>-0.055892</td>\n",
       "      <td>-0.042697</td>\n",
       "      <td>0.062938</td>\n",
       "      <td>1.000000</td>\n",
       "      <td>0.091203</td>\n",
       "      <td>0.091251</td>\n",
       "      <td>0.086518</td>\n",
       "      <td>-0.099176</td>\n",
       "      <td>-0.007368</td>\n",
       "      <td>-0.035587</td>\n",
       "      <td>-0.121515</td>\n",
       "      <td>-0.053929</td>\n",
       "      <td>0.175260</td>\n",
       "    </tr>\n",
       "    <tr>\n",
       "      <th>nox</th>\n",
       "      <td>0.398736</td>\n",
       "      <td>0.420972</td>\n",
       "      <td>-0.516604</td>\n",
       "      <td>0.763651</td>\n",
       "      <td>0.091203</td>\n",
       "      <td>1.000000</td>\n",
       "      <td>-0.302188</td>\n",
       "      <td>0.731470</td>\n",
       "      <td>-0.769230</td>\n",
       "      <td>0.611441</td>\n",
       "      <td>0.668023</td>\n",
       "      <td>0.188933</td>\n",
       "      <td>0.590879</td>\n",
       "      <td>-0.427321</td>\n",
       "    </tr>\n",
       "    <tr>\n",
       "      <th>rm</th>\n",
       "      <td>-0.079971</td>\n",
       "      <td>-0.219247</td>\n",
       "      <td>0.311991</td>\n",
       "      <td>-0.391676</td>\n",
       "      <td>0.091251</td>\n",
       "      <td>-0.302188</td>\n",
       "      <td>1.000000</td>\n",
       "      <td>-0.240265</td>\n",
       "      <td>0.205246</td>\n",
       "      <td>-0.209847</td>\n",
       "      <td>-0.292048</td>\n",
       "      <td>-0.355501</td>\n",
       "      <td>-0.613808</td>\n",
       "      <td>0.695360</td>\n",
       "    </tr>\n",
       "    <tr>\n",
       "      <th>age</th>\n",
       "      <td>0.203784</td>\n",
       "      <td>0.352734</td>\n",
       "      <td>-0.569537</td>\n",
       "      <td>0.644779</td>\n",
       "      <td>0.086518</td>\n",
       "      <td>0.731470</td>\n",
       "      <td>-0.240265</td>\n",
       "      <td>1.000000</td>\n",
       "      <td>-0.747881</td>\n",
       "      <td>0.456022</td>\n",
       "      <td>0.506456</td>\n",
       "      <td>0.261515</td>\n",
       "      <td>0.602339</td>\n",
       "      <td>-0.376955</td>\n",
       "    </tr>\n",
       "    <tr>\n",
       "      <th>dis</th>\n",
       "      <td>-0.302211</td>\n",
       "      <td>-0.379670</td>\n",
       "      <td>0.664408</td>\n",
       "      <td>-0.708027</td>\n",
       "      <td>-0.099176</td>\n",
       "      <td>-0.769230</td>\n",
       "      <td>0.205246</td>\n",
       "      <td>-0.747881</td>\n",
       "      <td>1.000000</td>\n",
       "      <td>-0.494588</td>\n",
       "      <td>-0.534432</td>\n",
       "      <td>-0.232471</td>\n",
       "      <td>-0.496996</td>\n",
       "      <td>0.249929</td>\n",
       "    </tr>\n",
       "    <tr>\n",
       "      <th>rad</th>\n",
       "      <td>0.686002</td>\n",
       "      <td>0.625505</td>\n",
       "      <td>-0.311948</td>\n",
       "      <td>0.595129</td>\n",
       "      <td>-0.007368</td>\n",
       "      <td>0.611441</td>\n",
       "      <td>-0.209847</td>\n",
       "      <td>0.456022</td>\n",
       "      <td>-0.494588</td>\n",
       "      <td>1.000000</td>\n",
       "      <td>0.910228</td>\n",
       "      <td>0.464741</td>\n",
       "      <td>0.488676</td>\n",
       "      <td>-0.381626</td>\n",
       "    </tr>\n",
       "    <tr>\n",
       "      <th>tax</th>\n",
       "      <td>0.666626</td>\n",
       "      <td>0.582764</td>\n",
       "      <td>-0.314563</td>\n",
       "      <td>0.720760</td>\n",
       "      <td>-0.035587</td>\n",
       "      <td>0.668023</td>\n",
       "      <td>-0.292048</td>\n",
       "      <td>0.506456</td>\n",
       "      <td>-0.534432</td>\n",
       "      <td>0.910228</td>\n",
       "      <td>1.000000</td>\n",
       "      <td>0.460853</td>\n",
       "      <td>0.543993</td>\n",
       "      <td>-0.468536</td>\n",
       "    </tr>\n",
       "    <tr>\n",
       "      <th>ptratio</th>\n",
       "      <td>0.291074</td>\n",
       "      <td>0.289946</td>\n",
       "      <td>-0.391679</td>\n",
       "      <td>0.383248</td>\n",
       "      <td>-0.121515</td>\n",
       "      <td>0.188933</td>\n",
       "      <td>-0.355501</td>\n",
       "      <td>0.261515</td>\n",
       "      <td>-0.232471</td>\n",
       "      <td>0.464741</td>\n",
       "      <td>0.460853</td>\n",
       "      <td>1.000000</td>\n",
       "      <td>0.374044</td>\n",
       "      <td>-0.507787</td>\n",
       "    </tr>\n",
       "    <tr>\n",
       "      <th>lstat</th>\n",
       "      <td>0.258465</td>\n",
       "      <td>0.455621</td>\n",
       "      <td>-0.412995</td>\n",
       "      <td>0.603800</td>\n",
       "      <td>-0.053929</td>\n",
       "      <td>0.590879</td>\n",
       "      <td>-0.613808</td>\n",
       "      <td>0.602339</td>\n",
       "      <td>-0.496996</td>\n",
       "      <td>0.488676</td>\n",
       "      <td>0.543993</td>\n",
       "      <td>0.374044</td>\n",
       "      <td>1.000000</td>\n",
       "      <td>-0.737663</td>\n",
       "    </tr>\n",
       "    <tr>\n",
       "      <th>medv</th>\n",
       "      <td>-0.226604</td>\n",
       "      <td>-0.388305</td>\n",
       "      <td>0.360445</td>\n",
       "      <td>-0.483725</td>\n",
       "      <td>0.175260</td>\n",
       "      <td>-0.427321</td>\n",
       "      <td>0.695360</td>\n",
       "      <td>-0.376955</td>\n",
       "      <td>0.249929</td>\n",
       "      <td>-0.381626</td>\n",
       "      <td>-0.468536</td>\n",
       "      <td>-0.507787</td>\n",
       "      <td>-0.737663</td>\n",
       "      <td>1.000000</td>\n",
       "    </tr>\n",
       "  </tbody>\n",
       "</table>\n",
       "</div>"
      ],
      "text/plain": [
       "               id      crim        zn     indus      chas       nox        rm  \\\n",
       "id       1.000000  0.407407 -0.103393  0.399439 -0.003759  0.398736 -0.079971   \n",
       "crim     0.407407  1.000000 -0.200469  0.406583 -0.055892  0.420972 -0.219247   \n",
       "zn      -0.103393 -0.200469  1.000000 -0.533828 -0.042697 -0.516604  0.311991   \n",
       "indus    0.399439  0.406583 -0.533828  1.000000  0.062938  0.763651 -0.391676   \n",
       "chas    -0.003759 -0.055892 -0.042697  0.062938  1.000000  0.091203  0.091251   \n",
       "nox      0.398736  0.420972 -0.516604  0.763651  0.091203  1.000000 -0.302188   \n",
       "rm      -0.079971 -0.219247  0.311991 -0.391676  0.091251 -0.302188  1.000000   \n",
       "age      0.203784  0.352734 -0.569537  0.644779  0.086518  0.731470 -0.240265   \n",
       "dis     -0.302211 -0.379670  0.664408 -0.708027 -0.099176 -0.769230  0.205246   \n",
       "rad      0.686002  0.625505 -0.311948  0.595129 -0.007368  0.611441 -0.209847   \n",
       "tax      0.666626  0.582764 -0.314563  0.720760 -0.035587  0.668023 -0.292048   \n",
       "ptratio  0.291074  0.289946 -0.391679  0.383248 -0.121515  0.188933 -0.355501   \n",
       "lstat    0.258465  0.455621 -0.412995  0.603800 -0.053929  0.590879 -0.613808   \n",
       "medv    -0.226604 -0.388305  0.360445 -0.483725  0.175260 -0.427321  0.695360   \n",
       "\n",
       "              age       dis       rad       tax   ptratio     lstat      medv  \n",
       "id       0.203784 -0.302211  0.686002  0.666626  0.291074  0.258465 -0.226604  \n",
       "crim     0.352734 -0.379670  0.625505  0.582764  0.289946  0.455621 -0.388305  \n",
       "zn      -0.569537  0.664408 -0.311948 -0.314563 -0.391679 -0.412995  0.360445  \n",
       "indus    0.644779 -0.708027  0.595129  0.720760  0.383248  0.603800 -0.483725  \n",
       "chas     0.086518 -0.099176 -0.007368 -0.035587 -0.121515 -0.053929  0.175260  \n",
       "nox      0.731470 -0.769230  0.611441  0.668023  0.188933  0.590879 -0.427321  \n",
       "rm      -0.240265  0.205246 -0.209847 -0.292048 -0.355501 -0.613808  0.695360  \n",
       "age      1.000000 -0.747881  0.456022  0.506456  0.261515  0.602339 -0.376955  \n",
       "dis     -0.747881  1.000000 -0.494588 -0.534432 -0.232471 -0.496996  0.249929  \n",
       "rad      0.456022 -0.494588  1.000000  0.910228  0.464741  0.488676 -0.381626  \n",
       "tax      0.506456 -0.534432  0.910228  1.000000  0.460853  0.543993 -0.468536  \n",
       "ptratio  0.261515 -0.232471  0.464741  0.460853  1.000000  0.374044 -0.507787  \n",
       "lstat    0.602339 -0.496996  0.488676  0.543993  0.374044  1.000000 -0.737663  \n",
       "medv    -0.376955  0.249929 -0.381626 -0.468536 -0.507787 -0.737663  1.000000  "
      ]
     },
     "execution_count": 9,
     "metadata": {},
     "output_type": "execute_result"
    }
   ],
   "source": [
    "boston_data.corr()"
   ]
  },
  {
   "cell_type": "markdown",
   "id": "e97936bd",
   "metadata": {},
   "source": [
    "# 15. (a) For each predictor, fit a simple linear regression model to predict the response. Describe your results. In which of the models is there a statistically significant association between the predictor and the response? Create some plots to back up your assertions."
   ]
  },
  {
   "cell_type": "markdown",
   "id": "a0719910",
   "metadata": {},
   "source": [
    "## As we know, `CRIM`(per capita crime rate) is our response variable and all the other variables are predictors."
   ]
  },
  {
   "cell_type": "markdown",
   "id": "d4712701",
   "metadata": {},
   "source": [
    "# y = `CRIM`  ; X = `ZN`"
   ]
  },
  {
   "cell_type": "code",
   "execution_count": 10,
   "id": "cf01ee18",
   "metadata": {},
   "outputs": [
    {
     "name": "stdout",
     "output_type": "stream",
     "text": [
      "Model Paramters are: \n",
      " const    4.453694\n",
      "zn      -0.073935\n",
      "dtype: float64\n",
      "Model Summary : \n",
      "                             OLS Regression Results                            \n",
      "==============================================================================\n",
      "Dep. Variable:                   crim   R-squared:                       0.040\n",
      "Model:                            OLS   Adj. R-squared:                  0.038\n",
      "Method:                 Least Squares   F-statistic:                     21.10\n",
      "Date:                Sat, 01 Oct 2022   Prob (F-statistic):           5.51e-06\n",
      "Time:                        11:28:58   Log-Likelihood:                -1796.0\n",
      "No. Observations:                 506   AIC:                             3596.\n",
      "Df Residuals:                     504   BIC:                             3604.\n",
      "Df Model:                           1                                         \n",
      "Covariance Type:            nonrobust                                         \n",
      "==============================================================================\n",
      "                 coef    std err          t      P>|t|      [0.025      0.975]\n",
      "------------------------------------------------------------------------------\n",
      "const          4.4537      0.417     10.675      0.000       3.634       5.273\n",
      "zn            -0.0739      0.016     -4.594      0.000      -0.106      -0.042\n",
      "==============================================================================\n",
      "Omnibus:                      567.443   Durbin-Watson:                   0.857\n",
      "Prob(Omnibus):                  0.000   Jarque-Bera (JB):            32753.004\n",
      "Skew:                           5.257   Prob(JB):                         0.00\n",
      "Kurtosis:                      40.986   Cond. No.                         28.8\n",
      "==============================================================================\n",
      "\n",
      "Notes:\n",
      "[1] Standard Errors assume that the covariance matrix of the errors is correctly specified.\n"
     ]
    }
   ],
   "source": [
    "X = boston_data[['zn']]\n",
    "X = sm.add_constant(X)\n",
    "y = boston_data[['crim']]\n",
    "model = sm.OLS(y,X).fit()\n",
    "print(\"Model Paramters are: \\n\",model.params)\n",
    "print(\"Model Summary : \\n\",model.summary())"
   ]
  },
  {
   "cell_type": "markdown",
   "id": "03064722",
   "metadata": {},
   "source": [
    "__The R-squared value for above model is 0.040 which means we can only predict 4% of Crime variance based on the ZN (proportion of residential land zoned for lots over 25000 sq. ft.) and p-value is close to 0 but the model doesn't look significant.__"
   ]
  },
  {
   "cell_type": "code",
   "execution_count": 11,
   "id": "456b8d36",
   "metadata": {},
   "outputs": [],
   "source": [
    "y_pred = model.predict(X)"
   ]
  },
  {
   "cell_type": "code",
   "execution_count": 12,
   "id": "8d97187b",
   "metadata": {},
   "outputs": [],
   "source": [
    "y_pred = pd.DataFrame({'crim' : y_pred})"
   ]
  },
  {
   "cell_type": "code",
   "execution_count": 13,
   "id": "7668ea18",
   "metadata": {},
   "outputs": [],
   "source": [
    "y_residual = y.subtract(y_pred)"
   ]
  },
  {
   "cell_type": "code",
   "execution_count": 14,
   "id": "e68f57a6",
   "metadata": {},
   "outputs": [
    {
     "name": "stderr",
     "output_type": "stream",
     "text": [
      "E:\\Anaconda\\lib\\site-packages\\seaborn\\distributions.py:2619: FutureWarning: `distplot` is a deprecated function and will be removed in a future version. Please adapt your code to use either `displot` (a figure-level function with similar flexibility) or `histplot` (an axes-level function for histograms).\n",
      "  warnings.warn(msg, FutureWarning)\n"
     ]
    },
    {
     "data": {
